         Rad ( f_           P       D      epth                            
TIC       Rjup) Rad BJD (d)  orb (d) ur (h) (ppm) Simbad _RA (deg) _DE (deg)
--------- ----- --- -------- ------- ------ ----- ------ --------- ---------
  7548817  1.45     1687.086  4.5207  4.597  8864 Simbad 272.26698 +45.33688
  9443323  1.41     1818.027  4.0135  3.923  7659 Simbad 068.84659 +56.86822
 11755687  1.24     1468.686  3.0525  2.308 15591 Simbad 090.64364 -00.57693
 12090836  1.61     1470.350  3.1972  3.740 10744 Simbad 091.46570 -02.67651
 14173089  0.69 a   1441.471  4.0756  3.113  3709 Simbad 078.12840 -36.39803
 27414976  1.39 a   1741.338  3.9765  2.339 32848 Simbad 215.09414 +41.27869
 32677675  1.61     1469.366  3.6366  3.900 17487 Simbad 085.70464 -25.99651
 32949762  1.21     1468.981  3.7682  2.931 12042 Simbad 087.67943 -27.62317
 34371411  1.41     1468.603  3.8828  4.489  8918 Simbad 095.10073 -12.73331
 35636165  1.45 a   1470.308  3.4592  2.854  6298 Simbad 102.21921 -16.78051
 37862966  0.77     1439.935  3.5837  3.190  5148 Simbad 065.85480 -10.47178
 38399060  1.19 a   1411.722  3.6523  3.557 20164 Simbad 054.09523 -09.37447
 38965512  1.16 a   1327.556  2.2689  3.040 11746 Simbad 011.47740 -66.83345
 39724477  1.20     1469.452  4.0353  2.374 24447 Simbad 090.09579 -03.75735
 43475220  0.35 a   1440.064 18.5202  3.518  1348 Simbad 074.82572 -07.38366
 45896295  1.25     1520.296  3.0045  3.353  7642 Simbad 131.49826 -57.97063
 49045066  1.30     1544.069  3.0072  3.828  7119 Simbad 164.31662 -32.32250
 52745699  1.45 a   1470.621  3.1659  3.351 13464 Simbad 099.25595 -00.81070
 53461742  1.21 a   1470.723  4.4118  2.861  5186 Simbad 102.89172 -26.99262
 55849732  1.05 a   1327.282  5.3708  3.186 11362 Simbad 075.74596 -59.97097
 56096837  1.19     1441.052  4.6640  2.857 10173 Simbad 070.12765 -09.89045
 66296167  1.24 a   1819.491  3.4124  2.986 15164 Simbad 072.09661 +62.06264
 74274839  1.20     1519.195  4.6955  2.832 16234 Simbad 137.26151 -44.69449
 74712191  1.47     1523.877  7.2310  4.822  9744 Simbad 137.79523 -42.51808
 77287067  1.14 a   1411.391  4.0762  4.079  7916 Simbad 070.43229 -40.04458
 78441371       b   1469.528  3.9985  4.441  5597 Simbad 102.49795 -20.90683
 85429139  1.55     1818.389  4.7427  3.406  7050 Simbad 053.41971 +68.61275
 88385463  1.26     1845.469  3.1235  2.840 13961 Simbad 104.60335 +59.97318
 95589845  1.33     1493.886  3.5657  4.208  5791 Simbad 110.48362 -12.56547
102713734  1.76     1819.066  3.3976  4.665  8672 Simbad 062.19909 +67.11655
103751498  1.41     1686.314  3.7146  4.000 11286 Simbad 157.41294 +70.52712
104195270  0.39     1792.626  3.6859  4.906   312 Simbad 044.11446 +48.00905
104986789  1.18     1818.762  3.4581  2.708  8112 Simbad 068.05207 +52.25280
105379013  0.91 a   1871.426  3.2950  2.552 11121 Simbad 141.92099 +46.21443
107340585  1.34     1493.547  2.6893  2.554 10833 Simbad 110.91067 -26.71131
109929845  1.27 a   1494.648  4.7634  4.712 38070 Simbad 113.72343 -28.08578
112316665  1.42     1495.136  3.7479  3.461  5018 Simbad 112.02301 -34.34311
115453244  1.35     1817.882  3.8231  3.798 11376 Simbad 083.65394 +30.40645
119685627  1.13     1472.760  5.0324  4.797  2307 Simbad 100.93398 -09.22916
120232318  1.31 a,c 1742.194  3.6204  5.366  2590 Simbad 335.31510 +41.52168
120232321  1.36 a,c 1742.194  3.6203  5.281  2638 Simbad 335.31728 +41.51941
137389526  0.82     1820.004  3.9116  4.029  2775 Simbad 052.12169 +75.73527
142784687  1.16 a   1684.026  3.1712  3.585  6412 Simbad 153.79975 +72.01025
147034452  0.34 a   1470.893  4.5304  3.106  1771 Simbad 104.24056 -16.74651
147797743  1.40     1843.989  3.6915  2.634 16691 Simbad 110.73525 +67.25255
151483286  1.37     1494.244  4.0398  3.776 11916 Simbad 119.05985 -35.11667
152245179  0.88     1492.059  3.7897  3.700   937 Simbad 119.88843 -32.70608
153937417  0.92 a   1843.119  4.1595  2.614 16780 Simbad 172.87304 +71.08160
155873992  1.31     1685.204  4.9513  3.924  8447 Simbad 139.83863 +66.80337
155993822  1.48     1415.689 12.2838  4.697  8621 Simbad 056.11006 -13.10871
156999527  1.33     1471.370  4.3932  2.697  9954 Simbad 104.43963 -40.30792
159332859  1.70     1684.774  4.4818  2.352 18702 Simbad 232.80954 +79.26721
160004025  1.24 a   1383.517  2.7983  2.691 13063 Simbad 050.90276 -40.21125
160037058  1.51 a   1329.504  4.5821  3.418 20104 Simbad 336.70928 -39.78928
160432093  1.67     1715.073  3.9916  4.356  8640 Simbad 322.75448 +30.00340
161003569  1.23     1740.431  3.5115  3.639  7845 Simbad 222.16358 +53.83486
165464482  1.35     1713.025  4.3346  3.630  9015 Simbad 201.37489 +52.76807
167671392  1.52 a   1441.306  3.9633  3.225 19450 Simbad 079.67551 -39.92377
167714124  1.08 a   1439.728  4.1628  3.346 12590 Simbad 080.42127 -38.65680
168903062  1.22     1413.056  2.6739  2.141 18947 Simbad 065.60428 -35.08665
175604949  1.14     1492.618  2.6488  2.215 15943 Simbad 116.68957 -39.13153
178162579  1.08     1493.862  3.5509  2.393  6217 Simbad 108.04419 -10.63936
182405015  1.36     1494.364  3.1123  2.589 13989 Simbad 123.65708 -41.15620
192976435  0.86     1546.779  4.2274  4.324  2301 Simbad 155.03225 -29.27612
193754373  1.57     1687.190  3.9540  4.196  5762 Simbad 306.42208 +45.97109
200606159  1.43     1742.810 11.9466  3.755 15414 Simbad 339.47428 +44.96530
201660996  1.43     1656.373  3.5028  3.232 13760 Simbad 288.95117 -56.35424
202059363  1.73     1472.225  4.2465  4.468  6318 Simbad 101.40057 +09.19076
202425357  1.39     1712.269  3.6216  2.311  8654 Simbad 226.10706 +60.53620
207339000  1.25     1684.298  4.6183  2.775 20041 Simbad 135.04874 +72.14783
220460087  1.24     1355.995  3.2707  4.036  4047 Simbad 074.75658 -56.71610
220524097  0.07 a   1325.971  3.9614  2.222    79 Simbad 042.46713 -62.72338
229581160  1.26 a   1685.895  3.4149  2.723 12536 Simbad 270.16572 +72.93948
229671380  1.35     1683.487  3.9394  5.828  3996 Simbad 252.12600 +74.76381
230980206  1.27     1357.499  3.3763  3.610 10903 Simbad 024.00927 -55.79379
233188747  1.27     1683.605  3.4506  3.190 14658 Simbad 225.58958 +70.94966
233823679  0.83     1713.577  2.7585  3.420  5066 Simbad 303.54910 +54.69429
234489133  1.42 a   1491.724  3.5996  4.794  9666 Simbad 114.26370 +06.71681
235072851  0.10 a   1440.941  3.1191  1.906   188 Simbad 086.14404 -45.26846
237205154  1.26 a   1683.523  5.8930  3.844 11719 Simbad 293.58325 +76.66107
237406657  0.31     1470.639  3.7474  4.793   235 Simbad 096.17294 -36.92926
237637903  1.22     1471.716  4.1053  3.326  8858 Simbad 103.52652 +05.47605
239638934  0.84     1712.806  6.0013  4.200  5285 Simbad 333.59292 +32.49021
239816546  1.42     1816.314  2.9886  3.018 12587 Simbad 087.18807 +32.08411
243333538  0.52 a   1684.275  2.9986  2.970  2500 Simbad 289.83949 +56.93040
248655096  0.27 a   1439.638  2.7623  2.163  1053 Simbad 067.28817 -03.18963
248655556  1.14     1440.246 13.1180  4.576  4384 Simbad 067.27887 -01.90947
250707118  1.25     1797.579 11.4461  4.011  7806 Simbad 033.13116 +51.77877
255780160  0.33 a   1470.528  3.8767  3.225   606 Simbad 099.68384 -49.57246
256158543  1.37     1627.062  5.0652  4.432  9880 Simbad 266.88104 -79.46667
257060897  1.67     1683.378  3.6600  4.662  7877 Simbad 227.53196 +72.71035
257067559  1.33     1492.005  3.4834  3.674  5619 Simbad 115.68045 +01.36130
258920431  1.09     1684.647  5.9840  5.577  3729 Simbad 288.46585 +66.34790
262570313  0.09 a   1468.479  2.9285  3.026    31 Simbad 109.84655 -54.30698
267545252  1.26 a   1683.530  3.3792  3.093 17745 Simbad 284.28092 +48.53805
268187322  1.45     1496.527  5.4792  4.638  5659 Simbad 116.24940 -48.75054
269859655  1.50     1544.685  2.9920  2.843 18520 Simbad 148.57360 -64.29692
272785423  1.31 a   1685.872  3.2400  3.066 18371 Simbad 238.85810 +67.04290
273270473  1.27 a   1656.567  2.7088  2.215 22467 Simbad 320.82560 -80.76684
278825345  1.06 a   1332.214  7.9892  3.156 16391 Simbad 100.47688 -56.90081
279947414  1.20     1791.690  4.0664  2.155 18326 Simbad 039.42945 +80.26744
280613644  1.50 a   1494.736  3.7211  3.220 17813 Simbad 115.80398 +01.73869
284173938  1.32     1817.484  2.9160  3.651 11308 Simbad 068.62903 +32.47666
284206913  0.88     1768.011 10.5113  3.203  7683 Simbad 009.30375 +61.20519
284679064  0.73 a   1712.601  4.2103  2.913  7978 Simbad 195.31321 +58.41913
284706890  0.58 a   1440.122  3.8359  3.519  2742 Simbad 067.53672 +07.67623
284859630  0.45     1440.048  7.5429  4.274  1735 Simbad 076.98917 +05.96911
285272237  0.56     1795.809 13.9175  2.797  3064 Simbad 035.38325 +32.24614
285524410       a   1491.736  3.0251  3.658  3108 Simbad 119.99929 -42.92887
287145649  0.32     1546.403  3.6021  3.136   948 Simbad 163.48743 -25.52468
292477426  1.53     1654.934  4.1801  4.112  5903 Simbad 281.60214 -68.12605
296354161  1.72     1496.001  6.0067  6.912  6636 Simbad 125.34885 -13.50774
300604770  0.93     1325.625  3.4563  2.354 10081 Simbad 113.55936 -67.74816
302381397  1.22     1818.452  2.7283  2.593  9941 Simbad 100.08126 +76.55313
306648160  1.47     1626.701  3.6525  4.302  9622 Simbad 265.76034 -65.00824
310002617  1.26     1685.330  3.1775  3.004 12839 Simbad 217.92639 +83.37266
317252733  1.12     1819.143  3.3527  3.963 11350 Simbad 055.59020 +58.29538
318756174  1.26     1493.110  3.3744  3.115 12672 Simbad 112.01971 +01.08201
323194443  0.72 a   1767.802  3.9077  3.155 12706 Simbad 332.64622 +69.77422
323295908  1.13     1417.653  7.7061  3.386 14958 Simbad 052.73399 -39.61364
327369524  0.79     1767.257  4.0237  3.743  1970 Simbad 004.52403 +59.76621
328814605  1.18     1823.368 11.3840  5.593  4791 Simbad 138.28046 +85.27108
331146317  1.76     1740.850  2.3875  2.708 11388 Simbad 325.97211 +54.57427
332860211  1.49     1469.638  4.4440  2.876 16600 Simbad 084.62603 -09.83744
336399144  0.73     1738.924  5.7033  3.372  3091 Simbad 334.01374 +61.05757
340228388  1.30     1599.301  3.1727  2.261 17303 Simbad 201.34040 -71.01205
343933335  1.24 a   1471.997  4.3703  5.777 12260 Simbad 093.40302 -40.52682
349582831  1.55     1816.954  3.4541  2.222 13220 Simbad 066.93498 +33.08633
350335633  0.82 a   1326.926  2.3888  3.614  3026 Simbad 084.36463 -59.02254
353960022  1.97 a   1819.195  3.9214  4.430 18015 Simbad 062.37755 +47.55666
359648342  1.55 a   1545.214  3.9498  3.755 13007 Simbad 140.85472 -65.56996
360816293  1.41     1597.648  3.5506  2.784  7872 Simbad 190.94768 -76.69661
360816296  1.63     1597.648  3.5506  2.784  7872 Simbad 190.95121 -76.69605
370010846  1.24 a   1327.004  3.4854  2.927 14683 Simbad 046.98748 -66.11116
371864043  1.66     1571.788  2.9599  3.789  6916 Simbad 149.32505 -68.77916
372443687  1.08     1657.771  4.2952  2.857 11120 Simbad 318.36063 -66.48144
372596795  1.31     1571.058  3.5367  2.678  6135 Simbad 151.50195 -66.89807
372596796  1.32     1571.058  3.5367  2.737  6274 Simbad 151.49987 -66.89757
382521776  1.05     1358.257  4.3943  2.968 11609 Simbad 012.35872 -53.91489
387409975  0.45 a   1739.847  5.0182  3.038  1986 Simbad 310.74338 +70.27581
394346745  1.42     1327.840  3.4025  3.265 13811 Simbad 042.88811 -81.00705
396246765  1.34     1656.165  3.4414  3.513  8726 Simbad 302.03831 -76.13624
396896334  1.43 a   1441.838  5.7603  3.150 16507 Simbad 062.59463 +03.76286
399346877  0.17     1792.026  3.9607  3.581   146 Simbad 026.46218 +63.92470
400103802  1.10     1817.927  4.2512  2.892 13752 Simbad 096.97777 +74.00814
400432230  1.33     1684.205  3.1834  2.410  5427 Simbad 295.38774 +56.21787
403507814  1.79     1627.340  2.7800  3.463 11664 Simbad 230.90916 -76.89573
403693870  1.40 a   1469.703  3.5245  3.112 14204 Simbad 105.00979 +11.04548
407653728  1.33 a   1714.814  6.5037  3.708 11017 Simbad 326.47790 +39.65458
410119093  1.13     1657.624  4.1293  2.847  9708 Simbad 327.44766 -70.45494
415443327  0.33 a   1440.584  4.8899  3.924   532 Simbad 075.75441 +11.44923
417646390  1.31     1819.394  3.8016  3.329  7155 Simbad 077.61263 +70.39109
417942201  1.47     1817.719  4.2307  4.735  4763 Simbad 065.71365 +41.12532
420177051  1.35     1685.774  4.0484  3.251 11887 Simbad 292.01895 +77.37864
422385684  1.59     1739.111  2.7754  3.480  8596 Simbad 318.60050 +66.40484
428892437  1.24 a   1819.483  3.7519  3.619 16277 Simbad 084.86509 +81.54351
438073782  1.70     1468.984  3.6413  3.871  9906 Simbad 095.63509 +14.01766
441122551  1.06 a   1326.564  3.3856  3.138 15577 Simbad 324.83731 -24.68429
441155146  1.30 a   1327.617  3.5510  2.948 17684 Simbad 332.75924 -27.29556
441453629  1.42 a   1329.237  4.2006  2.676 24451 Simbad 312.01171 -35.84257
441763252  1.14 a   1684.793  2.7709  2.379 21126 Simbad 260.57512 +72.64539
445582110  1.22     1492.217  3.0581  3.002  5854 Simbad 113.17513 -51.99821
446158352  1.56 a   1818.668  4.0433  4.517  8015 Simbad 088.75474 +82.88903
452810326  0.76 a,c 1439.365  2.3539  2.196  2696 Simbad 072.66814 +05.38619
452810327  1.08     1439.365  2.3539  2.196  2696 Simbad 072.66908 +05.38729
454248975  1.67     1571.801  3.9016  4.946  8872 Simbad 165.31677 -72.35682
455006978  0.20 a   1438.604  2.7510  2.687   198 Simbad 076.13725 +02.67801
455036659  0.53     1440.708  4.0070  4.530   917 Simbad 068.97436 +02.43129
457104362  1.56 a   1843.355  4.8160  4.583 17739 Simbad 133.07256 +61.97221
458641144  1.48     1493.843  4.6974  3.253 10591 Simbad 125.10881 +07.58891
462206806  1.51     1545.385  3.3736  3.434 11061 Simbad 150.46380 -55.66040
468178519  1.70     1626.064  2.9851  3.962 13101 Simbad 314.37974 -86.61039
468832904  1.55 a   1817.395  1.4005  2.346 21551 Simbad 092.60974 +71.41214
470171739  1.64     1795.184  4.6174  4.653  9619 Simbad 335.39295 +82.21604